      0/19      384G   0.09001   0.09671    0.1765    0.3632        82       640  0.004736   0.01255  0.000801 0.0002627   0.08094   0.04729   0.04948
      1/19      381G   0.07236   0.06425   0.04516    0.1818       182       640    0.3168   0.09576   0.02725   0.01021   0.06839   0.04285   0.03978
      2/19      381G   0.06616   0.06181   0.03897    0.1669       166       640    0.3854    0.1386   0.08338   0.03533   0.06083   0.04441   0.03178
      3/19      381G   0.05963   0.06033   0.03296    0.1529       174       640    0.3675    0.2174    0.1705   0.08889   0.05308    0.0411   0.02529
      4/19      381G   0.05578   0.05895   0.02915    0.1439       160       640    0.4123    0.2694      0.25    0.1436   0.04878   0.03942   0.02117
      5/19      381G    0.0532   0.05809   0.02677    0.1381       159       640    0.4567    0.3073    0.2978     0.177   0.04642   0.03863   0.01889
      6/19      381G   0.05153    0.0573   0.02522    0.1341       193       640    0.4762    0.3518    0.3405    0.2058   0.04479   0.03826    0.0171
      7/19      381G   0.05002   0.05657   0.02394    0.1305       146       640    0.5102    0.3786    0.3761    0.2316    0.0433   0.03715   0.01574
      8/19      382G   0.04892   0.05604   0.02293    0.1279       187       640     0.546    0.3895    0.4038     0.251   0.04258   0.03669   0.01474
      9/19      382G   0.04788   0.05532   0.02207    0.1253       140       640    0.5099    0.4366    0.4255    0.2712   0.04124   0.03617   0.01384
     10/19      382G    0.0467   0.05462    0.0213    0.1226       254       640    0.5754    0.4273    0.4463    0.2861   0.04058   0.03561    0.0132
     11/19      383G   0.04594   0.05438   0.02071     0.121       156       640    0.5681    0.4469    0.4614    0.2996   0.03971   0.03519   0.01245
     12/19      383G   0.04497    0.0538    0.0201    0.1189       140       640    0.5898    0.4527    0.4807    0.3145   0.03905   0.03487   0.01197
     13/19      383G    0.0441   0.05332   0.01944    0.1169       159       640     0.613    0.4611    0.4931    0.3258   0.03852   0.03444   0.01142
     14/19      383G    0.0433    0.0528   0.01898    0.1151       190       640    0.5984    0.4804    0.5076    0.3372   0.03805   0.03407   0.01098
     15/19      383G   0.04263   0.05243   0.01846    0.1135       230       640    0.6295    0.4848    0.5176    0.3466   0.03761   0.03375   0.01063
     16/19      383G   0.04178   0.05172   0.01793    0.1114       213       640      0.63    0.4879    0.5258    0.3535   0.03722   0.03357   0.01032
     17/19      383G   0.04127   0.05139   0.01757    0.1102       137       640      0.65    0.4992    0.5365    0.3621   0.03687   0.03338   0.01002
     18/19      383G    0.0408   0.05093   0.01708    0.1088       177       640    0.6418    0.5097    0.5437    0.3679   0.03663   0.03316  0.009763
     19/19      383G   0.04039   0.05036   0.01674    0.1075       197       640    0.6662    0.5079    0.5506    0.3734    0.0364   0.03295  0.009572
